#-----------------
#f1
param deltadc:=
1 0 0.33
9 0 0.33
1 1 0.33
9 1 0.33
1 2 0.33
9 2 0.33
1 3 0.66
6 3 0.66
12 3 0.66
1 4 0.66
6 4 0.66
12 4 0.66
1 5 0.66
6 5 0.66
12 5 0.66
1 6 1.0
6 6 1.0
12 6 1.0
1 7 1.0
6 7 1.0
12 7 1.0
1 8 1.0
6 8 1.0
12 8 1.0
;

#-----------------
#f1
param deltacc:=
1 3 0.33
9 3 0.33
1 4 0.33
9 4 0.33
1 5 0.33
9 5 0.33
1 6 0.66
6 6 0.66
12 6 0.812501995706
1 7 0.66
6 7 0.66
12 7 0.812501995706
1 8 0.66
6 8 0.66
12 8 0.812501995706
;

param r:=
1 6
2 3
3 3
4 6
5 6
6 0
7 0
8 6
9 0
10 0
;
param NJ:=8;
param NK:=100;
param NI:=10;

param wdc:=0.6;
param wcc:=0.3;
param wic:=0.1;
param deltaIC:=
0 3 0.33
0 4 0.33
0 5 0.33
0 6 0.66
0 7 0.66
0 8 0.66
1 3 0.33
1 4 0.33
1 5 0.33
1 6 0.66
1 7 0.66
1 8 0.66
2 3 0.33
2 4 0.33
2 5 0.33
2 6 0.66
2 7 0.66
2 8 0.66
3 6 0.33
3 7 0.33
3 8 0.33
4 6 0.33
4 7 0.33
4 8 0.33
5 6 0.33
5 7 0.33
5 8 0.33
;
