#-----------------
#f4
param deltadc:=
1 0 0.33
9 0 0.33
18 0 0.33
27 0 0.33
36 0 0.33
45 0 0.33
54 0 0.33
63 0 0.33
72 0 0.33
81 0 0.33
1 1 0.33
9 1 0.33
18 1 0.33
27 1 0.33
36 1 0.33
45 1 0.33
54 1 0.33
63 1 0.33
72 1 0.33
81 1 0.33
1 2 0.33
9 2 0.33
18 2 0.33
27 2 0.33
36 2 0.33
45 2 0.33
54 2 0.33
63 2 0.33
72 2 0.33
81 2 0.33
1 3 0.66
6 3 0.66
12 3 0.66
18 3 0.66
24 3 0.66
30 3 0.66
36 3 0.66
42 3 0.66
48 3 0.66
54 3 0.66
60 3 0.66
66 3 0.66
72 3 0.66
78 3 0.66
84 3 0.66
1 4 0.66
6 4 0.66
12 4 0.66
18 4 0.66
24 4 0.66
30 4 0.66
36 4 0.66
42 4 0.66
48 4 0.66
54 4 0.66
60 4 0.66
66 4 0.66
72 4 0.66
78 4 0.66
84 4 0.66
1 5 0.66
6 5 0.66
12 5 0.66
18 5 0.66
24 5 0.66
30 5 0.66
36 5 0.66
42 5 0.66
48 5 0.66
54 5 0.66
60 5 0.66
66 5 0.66
72 5 0.66
78 5 0.66
84 5 0.66
1 6 1.0
6 6 1.0
12 6 1.0
18 6 1.0
24 6 1.0
30 6 1.0
36 6 1.0
42 6 1.0
48 6 1.0
54 6 1.0
60 6 1.0
66 6 1.0
72 6 1.0
78 6 1.0
84 6 1.0
1 7 1.0
6 7 1.0
12 7 1.0
18 7 1.0
24 7 1.0
30 7 1.0
36 7 1.0
42 7 1.0
48 7 1.0
54 7 1.0
60 7 1.0
66 7 1.0
72 7 1.0
78 7 1.0
84 7 1.0
1 8 1.0
6 8 1.0
12 8 1.0
18 8 1.0
24 8 1.0
30 8 1.0
36 8 1.0
42 8 1.0
48 8 1.0
54 8 1.0
60 8 1.0
66 8 1.0
72 8 1.0
78 8 1.0
84 8 1.0
;

#-----------------
#f4
param deltacc:=
1 3 0.33
9 3 0.33
18 3 0.33
27 3 0.33
36 3 0.423521806857
45 3 0.423521806857
54 3 0.423521806857
63 3 0.423521806857
72 3 0.543547639041
81 3 0.543547639041
1 4 0.33
9 4 0.33
18 4 0.33
27 4 0.33
36 4 0.423521806857
45 4 0.423521806857
54 4 0.423521806857
63 4 0.423521806857
72 4 0.543547639041
81 4 0.543547639041
1 5 0.33
9 5 0.33
18 5 0.33
27 5 0.33
36 5 0.423521806857
45 5 0.423521806857
54 5 0.423521806857
63 5 0.423521806857
72 5 0.543547639041
81 5 0.543547639041
1 6 0.66
6 6 0.66
12 6 0.812501995706
18 6 0.812501995706
24 6 1.0
30 6 1.0
36 6 1.0
42 6 1.0
48 6 1.0
54 6 1.0
60 6 1.0
66 6 1.0
72 6 1.0
78 6 1.0
84 6 1.0
1 7 0.66
6 7 0.66
12 7 0.812501995706
18 7 0.812501995706
24 7 1.0
30 7 1.0
36 7 1.0
42 7 1.0
48 7 1.0
54 7 1.0
60 7 1.0
66 7 1.0
72 7 1.0
78 7 1.0
84 7 1.0
1 8 0.66
6 8 0.66
12 8 0.812501995706
18 8 0.812501995706
24 8 1.0
30 8 1.0
36 8 1.0
42 8 1.0
48 8 1.0
54 8 1.0
60 8 1.0
66 8 1.0
72 8 1.0
78 8 1.0
84 8 1.0
;

param r:=
1 0
2 3
3 6
4 0
5 3
6 0
7 6
8 6
9 3
10 6
11 0
12 6
13 3
14 0
15 0
16 0
17 0
18 0
19 3
20 6
21 0
22 3
23 3
24 3
25 3
26 0
27 0
28 3
29 6
30 0
31 3
32 3
33 6
34 6
35 0
36 0
37 3
38 0
39 0
40 0
41 3
42 3
43 6
44 6
45 0
;
param NJ:=8;
param NK:=100;
param NI:=45;

param wdc:=0.33;
param wcc:=0.33;
param wic:=0.33;
param deltaIC:=
0 3 0.33
0 4 0.33
0 5 0.33
0 6 0.66
0 7 0.66
0 8 0.66
1 3 0.33
1 4 0.33
1 5 0.33
1 6 0.66
1 7 0.66
1 8 0.66
2 3 0.33
2 4 0.33
2 5 0.33
2 6 0.66
2 7 0.66
2 8 0.66
3 6 0.33
3 7 0.33
3 8 0.33
4 6 0.33
4 7 0.33
4 8 0.33
5 6 0.33
5 7 0.33
5 8 0.33
;
