#-----------------
#f1
param deltadc:=
1 0 0.33
9 0 0.33
18 0 0.33
27 0 0.33
36 0 0.33
45 0 0.33
54 0 0.33
63 0 0.33
1 1 0.33
9 1 0.33
18 1 0.33
27 1 0.33
36 1 0.33
45 1 0.33
54 1 0.33
63 1 0.33
1 2 0.33
9 2 0.33
18 2 0.33
27 2 0.33
36 2 0.33
45 2 0.33
54 2 0.33
63 2 0.33
1 3 0.66
6 3 0.66
12 3 0.66
18 3 0.66
24 3 0.66
30 3 0.66
36 3 0.66
42 3 0.66
48 3 0.66
54 3 0.66
60 3 0.66
66 3 0.66
1 4 0.66
6 4 0.66
12 4 0.66
18 4 0.66
24 4 0.66
30 4 0.66
36 4 0.66
42 4 0.66
48 4 0.66
54 4 0.66
60 4 0.66
66 4 0.66
1 5 0.66
6 5 0.66
12 5 0.66
18 5 0.66
24 5 0.66
30 5 0.66
36 5 0.66
42 5 0.66
48 5 0.66
54 5 0.66
60 5 0.66
66 5 0.66
1 6 1.0
6 6 1.0
12 6 1.0
18 6 1.0
24 6 1.0
30 6 1.0
36 6 1.0
42 6 1.0
48 6 1.0
54 6 1.0
60 6 1.0
66 6 1.0
1 7 1.0
6 7 1.0
12 7 1.0
18 7 1.0
24 7 1.0
30 7 1.0
36 7 1.0
42 7 1.0
48 7 1.0
54 7 1.0
60 7 1.0
66 7 1.0
1 8 1.0
6 8 1.0
12 8 1.0
18 8 1.0
24 8 1.0
30 8 1.0
36 8 1.0
42 8 1.0
48 8 1.0
54 8 1.0
60 8 1.0
66 8 1.0
;

#-----------------
#f1
param deltacc:=
1 3 0.33
9 3 0.33
18 3 0.33
27 3 0.33
36 3 0.423521806857
45 3 0.423521806857
54 3 0.423521806857
63 3 0.423521806857
1 4 0.33
9 4 0.33
18 4 0.33
27 4 0.33
36 4 0.423521806857
45 4 0.423521806857
54 4 0.423521806857
63 4 0.423521806857
1 5 0.33
9 5 0.33
18 5 0.33
27 5 0.33
36 5 0.423521806857
45 5 0.423521806857
54 5 0.423521806857
63 5 0.423521806857
1 6 0.66
6 6 0.66
12 6 0.812501995706
18 6 0.812501995706
24 6 1.0
30 6 1.0
36 6 1.0
42 6 1.0
48 6 1.0
54 6 1.0
60 6 1.0
66 6 1.0
1 7 0.66
6 7 0.66
12 7 0.812501995706
18 7 0.812501995706
24 7 1.0
30 7 1.0
36 7 1.0
42 7 1.0
48 7 1.0
54 7 1.0
60 7 1.0
66 7 1.0
1 8 0.66
6 8 0.66
12 8 0.812501995706
18 8 0.812501995706
24 8 1.0
30 8 1.0
36 8 1.0
42 8 1.0
48 8 1.0
54 8 1.0
60 8 1.0
66 8 1.0
;

param r:=
1 3
2 6
3 3
4 0
5 3
6 6
7 0
8 0
9 6
10 3
11 0
12 6
13 3
14 6
15 3
16 0
17 3
18 3
19 3
20 0
21 0
22 3
23 3
24 0
25 0
26 3
27 6
28 0
29 0
30 3
31 0
32 0
33 0
34 3
35 3
36 0
37 0
;
param NJ:=8;
param NK:=100;
param NI:=37;

param wdc:=0.1;
param wcc:=0.3;
param wic:=0.6;
param deltaIC:=
0 3 0.33
0 4 0.33
0 5 0.33
0 6 0.66
0 7 0.66
0 8 0.66
1 3 0.33
1 4 0.33
1 5 0.33
1 6 0.66
1 7 0.66
1 8 0.66
2 3 0.33
2 4 0.33
2 5 0.33
2 6 0.66
2 7 0.66
2 8 0.66
3 6 0.33
3 7 0.33
3 8 0.33
4 6 0.33
4 7 0.33
4 8 0.33
5 6 0.33
5 7 0.33
5 8 0.33
;
